# ninja log v5
2	108	6877159288383798	CMakeFiles/CasseBrick.dir/main.c.obj	99748149499e6313
108	195	6877156899687586	CasseBrick.exe	242582078e614195
3	105	6877160483664881	build.ninja	ba176dbd54594eb5
4	70	6877060407093078	CMakeFiles/CasseBrick.dir/collisionChecker.c.obj	6f69e845a22b3b41
2	85	6877060407218055	CMakeFiles/CasseBrick.dir/keyboardHandler.c.obj	f95bcd4dca2135d7
1	473	6877160518859426	CMakeFiles/CasseBrick.dir/keyboardHandler.c.obj	f95bcd4dca2135d7
4	526	6877160519278314	CMakeFiles/CasseBrick.dir/collisionChecker.c.obj	6f69e845a22b3b41
7	529	6877160519557546	CMakeFiles/CasseBrick.dir/main.c.obj	99748149499e6313
529	782	6877160522599414	CasseBrick.exe	242582078e614195
2	119	6877160782593532	CMakeFiles/CasseBrick.dir/main.c.obj	99748149499e6313
120	212	6877160783470226	CasseBrick.exe	242582078e614195
2	104	6877162078655580	CMakeFiles/CasseBrick.dir/main.c.obj	99748149499e6313
1	89	6877162438811285	CMakeFiles/CasseBrick.dir/main.c.obj	99748149499e6313
3	152	6877164379429506	CMakeFiles/CasseBrick.dir/main.c.obj	99748149499e6313
152	292	6877164380666208	CasseBrick.exe	242582078e614195
1	110	6877164957571687	CMakeFiles/CasseBrick.dir/main.c.obj	99748149499e6313
111	201	6877164958449337	CasseBrick.exe	242582078e614195
2	100	6877165179362720	CMakeFiles/CasseBrick.dir/main.c.obj	99748149499e6313
100	211	6877165180449809	CasseBrick.exe	242582078e614195
2	98	6877165431517119	CMakeFiles/CasseBrick.dir/main.c.obj	99748149499e6313
99	206	6877165432559421	CasseBrick.exe	242582078e614195
2	105	6877165909186867	CMakeFiles/CasseBrick.dir/main.c.obj	99748149499e6313
106	209	6877165910174227	CasseBrick.exe	242582078e614195
2	128	6877166469611674	CMakeFiles/CasseBrick.dir/main.c.obj	99748149499e6313
129	224	6877166470509284	CasseBrick.exe	242582078e614195
2	102	6877166720021949	CMakeFiles/CasseBrick.dir/main.c.obj	99748149499e6313
2	526	6877167724692650	CasseBrick.exe	242582078e614195
2	106	6877168149350043	CMakeFiles/CasseBrick.dir/main.c.obj	99748149499e6313
107	205	6877168150317741	CasseBrick.exe	242582078e614195
2	110	6877174781700543	CMakeFiles/CasseBrick.dir/main.c.obj	99748149499e6313
111	212	6877174782638025	CasseBrick.exe	242582078e614195
2	110	6877175178803313	CMakeFiles/CasseBrick.dir/main.c.obj	99748149499e6313
111	193	6877175179606264	CasseBrick.exe	242582078e614195
2	99	6877175406952099	CMakeFiles/CasseBrick.dir/main.c.obj	99748149499e6313
2	160	6877179868474198	CasseBrick.exe	242582078e614195
2	115	6877181486593620	CMakeFiles/CasseBrick.dir/main.c.obj	99748149499e6313
116	206	6877181487461298	CasseBrick.exe	242582078e614195
1	112	6877181563223378	CMakeFiles/CasseBrick.dir/main.c.obj	99748149499e6313
113	207	6877181564116065	CasseBrick.exe	242582078e614195
2	93	6877188799198214	CMakeFiles/CasseBrick.dir/main.c.obj	99748149499e6313
94	186	6877188800106667	CasseBrick.exe	242582078e614195
2	96	6877189256776228	CMakeFiles/CasseBrick.dir/main.c.obj	99748149499e6313
96	199	6877189257778730	CasseBrick.exe	242582078e614195
2	91	6877190046968002	CMakeFiles/CasseBrick.dir/main.c.obj	99748149499e6313
91	185	6877190047865591	CasseBrick.exe	242582078e614195
2	104	6877191556627481	CMakeFiles/CasseBrick.dir/main.c.obj	99748149499e6313
105	190	6877191557445294	CasseBrick.exe	242582078e614195
2	106	6877232589949011	CMakeFiles/CasseBrick.dir/main.c.obj	99748149499e6313
106	197	6877232590826659	CasseBrick.exe	242582078e614195
2	143	6877836402645357	CMakeFiles/CasseBrick.dir/main.c.obj	99748149499e6313
144	285	6877836404051583	CasseBrick.exe	242582078e614195
2	97	6877836773654304	CMakeFiles/CasseBrick.dir/main.c.obj	99748149499e6313
98	178	6877836774442480	CasseBrick.exe	242582078e614195
2	85	6877837888601003	CMakeFiles/CasseBrick.dir/main.c.obj	99748149499e6313
85	170	6877837889388891	CasseBrick.exe	242582078e614195
3	94	6877838529186227	CMakeFiles/CasseBrick.dir/main.c.obj	99748149499e6313
94	177	6877838529994060	CasseBrick.exe	242582078e614195
2	84	6877838892014625	CMakeFiles/CasseBrick.dir/main.c.obj	99748149499e6313
2	162	6877840684267730	CasseBrick.exe	242582078e614195
2	122	6877841650296596	CMakeFiles/CasseBrick.dir/main.c.obj	99748149499e6313
122	218	6877841651224107	CasseBrick.exe	242582078e614195
2	93	6877841951822796	CMakeFiles/CasseBrick.dir/main.c.obj	99748149499e6313
94	179	6877841952645746	CasseBrick.exe	242582078e614195
2	106	6877842830330355	CMakeFiles/CasseBrick.dir/main.c.obj	99748149499e6313
106	190	6877842831138184	CasseBrick.exe	242582078e614195
2	104	6877843607421633	CMakeFiles/CasseBrick.dir/main.c.obj	99748149499e6313
104	188	6877843608229476	CasseBrick.exe	242582078e614195
1	135	6877843652339980	CMakeFiles/CasseBrick.dir/main.c.obj	99748149499e6313
136	229	6877843653269070	CasseBrick.exe	242582078e614195
1	102	6877844142653458	CMakeFiles/CasseBrick.dir/main.c.obj	99748149499e6313
103	208	6877844143610885	CasseBrick.exe	242582078e614195
2	87	6877844219751903	CMakeFiles/CasseBrick.dir/main.c.obj	99748149499e6313
87	168	6877844220544861	CasseBrick.exe	242582078e614195
3	92	6877844279589751	CMakeFiles/CasseBrick.dir/main.c.obj	99748149499e6313
93	180	6877844280437488	CasseBrick.exe	242582078e614195
2	100	6877845035714477	CMakeFiles/CasseBrick.dir/main.c.obj	99748149499e6313
101	189	6877845036562201	CasseBrick.exe	242582078e614195
2	109	6877845124290318	CMakeFiles/CasseBrick.dir/main.c.obj	99748149499e6313
110	195	6877845125128077	CasseBrick.exe	242582078e614195
2	100	6877845249215864	CMakeFiles/CasseBrick.dir/main.c.obj	99748149499e6313
100	186	6877845250023702	CasseBrick.exe	242582078e614195
2	84	6877847914716252	CMakeFiles/CasseBrick.dir/main.c.obj	99748149499e6313
84	165	6877847915504144	CasseBrick.exe	242582078e614195
2	86	6877847983568372	CMakeFiles/CasseBrick.dir/main.c.obj	99748149499e6313
86	179	6877847984472070	CasseBrick.exe	242582078e614195
